201507310008
201507310016
201507310023
201507310030
201507310037
201507310044
201507310051
201507310059
201507310066
201507310073
201507310080
201507310087
201507310094
201507310101
201507310108
201507310115
201507310122
201507310129
201507310136
201507310143
201507310150
201507310157
201507310164
201507310171
201507310178
201507310185
201507310192
201507310199
201507310206
201507310213
201507310220
201507310227
201507310234
201507310242
201507310249
201507310256
201507310263
201507310282
201507310289
201507310297
201507310304
201507310311
201507310318
201507310325
201507310332
201507310339
201507310346
201507310353
201508010360
201508010367
201508010374
201508010381
201508010388
201508010395
201508010402
201508010409
201508010416
201508010423
201508010430
201508010437
201508010444
201508010451
201508010458
201508010465
201508010472
201508010480
201508010487
201508010494
201508010501
201508010508
201508010515
201508010523
201508010530
201508010537
201508010556
201508010563
201508010570
201508010577
201508010584
201508010591
201508010598
201508010605
201508010612
201508010619
201508010626
201508010633
201508010640
201508010647
201508010654
201508010661
201508010668
201508010675
201508010682
201508010689
201508010696
201508010703
201508010710
201508010718
201508010725
201508010732
201508010739
201508010746
201508010753
201508010761
201508010768
201508010775
201508010782
201508010789
201508010796
201508010803
201508010810
201508010829
201508010836
201508010843
201508010850
201508010857
201508010864
201508010871
201508010878
201508010885
201508010892
201508010899
201508010906
201508010913
201508010920
201508010927
201508010934
201508010941
201508010948
201508010956
201508010963
201508010970
201508010977
201508010984
201508010991
201508010999
201508011006
201508011013
201508011020
201508021027
201508021034
201508021041
201508021048
201508021055
201508021062
201508021069
201508021076
201508021083
201508021102
201508021109
201508021116
201508021123
201508021130
201508021137
201508021144
201508021151
201508021158
201508021165
201508021172
201508021179
201508021186
201508021194
201508021201
201508021208
201508021215
201508021222
201508021229
201508021237
201508021244
201508021251
201508021258
201508021265
201508021272
201508021279
201508021286
201508021293
201508021300
201508021307
201508021314
201508021321
201508021328
201508021335
201508021342
201508021349
201508021356
201508021375
201508021382
201508021389
201508021396
201508021403
201508021410
201508021417
201508021424
201508021432
201508021439
201508021446
201508021453
201508021460
201508021467
201508021475
201508021482
201508021489
201508021496
201508021503
201508021510
201508021517
201508021524
201508021531
201508021538
201508021545
201508021552
201508021559
201508021566
201508021573
201508021580
201508021587
201508021594
201508021601
201508021608
201508021615
201508021622
201508021629
201508021648
201508021655
201508021662
201508021670
201508021677
201508031684
201508031691
201508031698
201508031705
201508031713
201508031720
201508031727
201508031734
201508031741
201508031748
201508031755
201508031762
201508031769
201508031776
201508031783
201508031790
201508031797
201508031804
201508031811
201508031818
201508031825
201508031832
201508031839
201508031846
201508031853
201508031860
201508031867
201508031874
201508031881
201508031888
201508031896
201508031903
201508031922
201508031929
201508031936
201508031943
201508031951
201508031958
201508031965
201508031972
201508031979
201508031986
201508031993
201508032000
201508032007
201508032014
201508032021
201508032028
201508032035
201508032042
201508032049
201508032056
201508032063
201508032070
201508032077
201508032084
201508032091
201508032098
201508032105
201508032112
201508032119
201508032126
201508032134
201508032141
201508032148
201508032155
201508032162
201508032169
201508032177
201508032196
201508032203
201508032210
201508032217
201508032224
201508032231
201508032238
201508032245
201508032252
201508032259
201508032266
201508032273
201508032280
201508032287
201508032294
201508032301
201508032308
201508032315
201508042322
201508042329
201508042336
201508042343
201508042350
201508042357
201508042364
201508042372
201508042379
201508042386
201508042393
201508042400
201508042407
201508042415
201508042422
201508042429
201508042436
201508042443
201508042450
201508042469
201508042476
201508042483
201508042490
201508042497
201508042504
201508042511
201508042518
201508042525
201508042532
201508042539
201508042546
201508042553
201508042560
201508042567
201508042574
201508042581
201508042588
201508042595
201508042602
201508042610
201508042617
201508042624
201508042631
201508042638
201508042645
201508042653
201508042660
201508042667
201508042674
201508042681
201508042688
201508042695
201508042702
201508042709
201508042716
201508042723
201508042742
201508042749
201508042756
201508042763
201508042770
201508042777
