201507310008
201507310016
201507310023
201507310030
201507310037
201507310044
201507310051
201507310059
201507310066
201507310073
201507310080
201507310087
201507310094
201507310101
201507310108
201507310115
201507310122
201507310129
201507310136
201507310143
201507310150
201507310157
201507310164
201507310171
201507310178
201507310185
201507310192
201507310199
201507310206
201507310213
201507310220
201507310227
201507310234
201507310242
201507310249
201507310256
201507310263
201507310282
201507310289
201507310297
